# See the documentation on the wiki to learn how to edit this file.
#-------------------------------
CHERIBERRY = 3,15,2,5,0,15,0,0,0,0,15,0,0,0,0,0,0
CHESTOBERRY = 3,15,2,5,0,15,0,0,0,0,15,0,0,0,0,0,0
PECHABERRY = 3,15,2,5,0,15,0,0,0,0,15,0,0,0,0,0,0
RAWSTBERRY = 3,15,2,5,0,15,0,0,0,0,15,0,0,0,0,0,0
ASPEARBERRY = 3,15,2,5,0,15,0,0,0,0,15,0,0,0,0,0,0
LEPPABERRY = 4,15,2,5,0,15,0,0,0,0,15,0,0,0,0,0,0
ORANBERRY = 4,15,2,5,0,15,0,0,0,0,15,0,0,0,0,0,0
PERSIMBERRY = 4,15,2,5,0,15,0,0,0,0,15,0,0,0,0,0,0
LUMBERRY = 12,8,2,5,0,15,0,0,0,0,15,0,0,0,0,0,0
SITRUSBERRY = 8,7,2,5,0,15,0,0,0,0,15,0,0,0,0,0,0
FIGYBERRY = 5,10,2,5,0,15,0,0,0,0,15,0,0,0,0,0,0
WIKIBERRY = 5,10,2,5,0,15,0,0,0,0,15,0,0,0,0,0,0
MAGOBERRY = 5,10,2,5,0,15,0,0,0,0,15,0,0,0,0,0,0
AGUAVBERRY = 5,10,2,5,0,15,0,0,0,0,15,0,0,0,0,0,0
IAPAPABERRY = 5,10,2,5,0,15,0,0,0,0,15,0,0,0,0,0,0
RAZZBERRY = 2,35,2,10,0,15,0,0,0,0,15,0,0,0,0,0,0
BLUKBERRY = 2,35,2,10,0,15,0,0,0,0,15,0,0,0,0,0,0
NANABBERRY = 2,35,2,10,0,15,0,0,0,0,15,0,0,0,0,0,0
WEPEARBERRY = 2,35,2,10,0,15,0,0,0,0,15,0,0,0,0,0,0
PINAPBERRY = 2,35,2,10,0,15,0,0,0,0,15,0,0,0,0,0,0
POMEGBERRY = 8,8,2,5,0,15,0,0,0,0,15,0,0,0,0,0,0
KELPSYBERRY = 8,8,2,5,0,15,0,0,0,0,15,0,0,0,0,0,0
QUALOTBERRY = 8,8,2,5,0,15,0,0,0,0,15,0,0,0,0,0,0
HONDEWBERRY = 8,8,2,5,0,15,0,0,0,0,15,0,0,0,0,0,0
GREPABERRY = 8,8,2,5,0,15,0,0,0,0,15,0,0,0,0,0,0
TAMATOBERRY = 8,8,2,5,0,15,0,0,0,0,15,0,0,0,0,0,0
CORNNBERRY = 6,10,2,10,0,15,0,0,0,0,15,0,0,0,0,0,0
MAGOSTBERRY = 6,10,2,10,0,15,0,0,0,0,15,0,0,0,0,0,0
RABUTABERRY = 6,10,2,10,0,15,0,0,0,0,15,0,0,0,0,0,0
NOMELBERRY = 6,10,2,10,0,15,0,0,0,0,15,0,0,0,0,0,0
SPELONBERRY = 15,8,2,15,0,15,0,0,0,0,15,0,0,0,0,0,0
PAMTREBERRY = 15,8,3,15,0,15,0,0,0,0,15,0,0,0,0,0,0
WATMELBERRY = 15,8,2,15,0,15,0,0,0,0,15,0,0,0,0,0,0
DURINBERRY = 15,8,3,15,0,15,0,0,0,0,15,0,0,0,0,0,0
BELUEBERRY = 15,8,2,15,0,15,0,0,0,0,15,0,0,0,0,0,0
OCCABERRY = 18,6,2,5,0,15,0,0,0,0,15,0,0,0,0,0,0
PASSHOBERRY = 18,6,2,5,0,15,0,0,0,0,15,0,0,0,0,0,0
WACANBERRY = 18,6,2,5,0,15,0,0,0,0,15,0,0,0,0,0,0
RINDOBERRY = 18,6,2,5,0,15,0,0,0,0,15,0,0,0,0,0,0
YACHEBERRY = 18,6,2,5,0,15,0,0,0,0,15,0,0,0,0,0,0
CHOPLEBERRY = 18,6,2,5,0,15,0,0,0,0,15,0,0,0,0,0,0
KEBIABERRY = 18,6,2,5,0,15,0,0,0,0,15,0,0,0,0,0,0
SHUCABERRY = 18,6,2,5,0,15,0,0,0,0,15,0,0,0,0,0,0
COBABERRY = 18,6,2,5,0,15,0,0,0,0,15,0,0,0,0,0,0
PAYAPABERRY = 18,6,2,5,0,15,0,0,0,0,15,0,0,0,0,0,0
TANGABERRY = 18,6,2,5,0,15,0,0,0,0,15,0,0,0,0,0,0
CHARTIBERRY = 18,6,2,5,0,15,0,0,0,0,15,0,0,0,0,0,0
KASIBBERRY = 18,6,2,5,0,15,0,0,0,0,15,0,0,0,0,0,0
HABANBERRY = 18,6,2,5,0,15,0,0,0,0,15,0,0,0,0,0,0
COLBURBERRY = 18,6,2,5,0,15,0,0,0,0,15,0,0,0,0,0,0
BABIRIBERRY = 18,6,2,5,0,15,0,0,0,0,15,0,0,0,0,0,0
CHILANBERRY = 18,6,2,5,0,15,0,0,0,0,15,0,0,0,0,0,0
LIECHIBERRY = 24,4,2,5,0,15,0,0,0,0,15,0,0,0,0,0,0
GANLONBERRY = 24,4,2,5,0,15,0,0,0,0,15,0,0,0,0,0,0
SALACBERRY = 24,4,2,5,0,15,0,0,0,0,15,0,0,0,0,0,0
PETAYABERRY = 24,4,2,5,0,15,0,0,0,0,15,0,0,0,0,0,0
APICOTBERRY = 24,4,2,5,0,15,0,0,0,0,15,0,0,0,0,0,0
LANSATBERRY = 24,4,2,5,0,15,0,0,0,0,15,0,0,0,0,0,0
STARFBERRY = 24,4,2,5,0,15,0,0,0,0,15,0,0,0,0,0,0
ENIGMABERRY = 24,7,2,5,0,15,0,0,0,0,15,0,0,0,0,0,0
MICLEBERRY = 24,7,2,5,0,15,0,0,0,0,15,0,0,0,0,0,0
CUSTAPBERRY = 24,7,2,5,0,15,0,0,0,0,15,0,0,0,0,0,0
JABOCABERRY = 24,7,2,5,0,15,0,0,0,0,15,0,0,0,0,0,0
ROWAPBERRY = 24,7,2,5,0,15,0,0,0,0,15,0,0,0,0,0,0
REDAPRICORN = 3,4,4,7,0,15,0,0,0,0,15,0,0,0,0,0,0
YELLOWAPRICORN = 3,15,2,5,0,15,0,0,0,0,15,0,0,0,0,0,0
BLUEAPRICORN = 6,10,2,5,0,15,0,0,0,0,15,0,0,0,0,0,0
GREENAPRICORN = 6,10,2,5,0,15,0,0,0,0,15,0,0,0,0,0,0
PINKAPRICORN = 8,8,2,5,0,15,0,0,0,0,15,0,0,0,0,0,0
WHITEAPRICORN = 8,8,2,5,0,15,0,0,0,0,15,0,0,0,0,0,0
BLACKAPRICORN = 15,8,2,5,0,15,0,0,0,0,15,0,0,0,0,0,0
PURPLEAPRICORN = 15,12,2,2,0,15,0,0,0,0,15,0,0,0,0,0,0
MIRACLESEED = 6,11,2,5,0,15,0,0,0,0,15,0,0,0,0,0,0
MENTALHERB = 6,11,2,5,0,15,0,0,0,0,15,0,0,0,0,0,0
WHITEHERB = 6,11,2,5,0,15,0,0,0,0,15,0,0,0,0,0,0
POWERHERB = 6,12,2,5,0,15,0,0,0,0,15,0,0,0,0,0,0
BIGROOT = 6,11,2,5,0,15,0,0,0,0,15,0,0,0,0,0,0
TINYMUSHROOM = 4,11,2,5,0,15,0,0,0,0,15,0,0,0,0,0,0
BIGMUSHROOM = 6,11,2,5,0,15,0,0,0,0,15,0,0,0,0,0,0
BALMMUSHROOM = 7,10,2,5,0,15,0,0,0,0,15,0,0,0,0,0,0
REVIVALHERB = 24,10,2,3,0,15,0,0,0,0,15,0,0,0,0,0,0
ARGOSTBERRY = 14,13,2,4,0,15,0,0,0,0,15,0,0,0,0,0,0
ACORN = 1,1,2,7,0,15,0,0,0,0,15,0,0,0,0,0,0
POTATO = 8,7,2,5,0,15,0,0,0,0,15,0,0,0,0,0,0
ONION = 8,7,2,5,0,15,0,0,0,0,15,0,0,0,0,0,0
CARROT = 8,7,2,5,0,15,0,0,0,0,15,0,0,0,0,0,0
WHEAT = 8,7,3,6,0,15,0,0,0,0,15,0,0,0,0,0,0
LEMON = 8,7,2,5,0,15,0,0,0,0,15,0,0,0,0,0,0
COCOABEANS = 8,7,2,5,0,15,0,0,0,0,15,0,0,0,0,0,0
SUGARCANE = 8,7,3,6,0,15,0,0,0,0,15,0,0,0,0,0,0
BAIT = 3,7,2,5,0,15,0,0,0,0,15,0,0,0,0,0,0
APPLE = 3,7,2,5,0,15,0,0,0,0,15,0,0,0,0,0,0
TEALEAF = 3,7,2,5,0,15,0,0,0,0,15,0,0,0,0,0,0