UNOWN,[26, 27],[4, 3, 5, 4, 5],[2, 2, 2, 2, 2]
DEOXYS,[1],[5, 5, 5, 3, 4],[4, 5, 4, 2, 3]
DEOXYS,[2],[3, 4, 5, 3, 3],[3, 3, 4, 2, 3]
DEOXYS,[3],[5, 3, 5, 4, 4],[5, 2, 4, 3, 4]
BURMY,[1],[4, 4, 4, 5, 3],[1, 1, 1, 1, 2]
BURMY,[2],[4, 5, 3, 5, 3],[1, 1, 1, 1, 2]
WORMADAM,[1],[3, 5, 2, 5, 3],[2, 4, 2, 4, 2]
WORMADAM,[2],[3, 5, 3, 5, 2],[1, 3, 2, 5, 2]
GIRATINA,[1],[5, 5, 5, 5, 5],[3, 3, 3, 3, 3]
SHAYMIN,[1],[5, 4, 4, 3, 5],[3, 4, 3, 3, 5]
ARCEUS,[11, 13, 14],[5, 5, 5, 5, 5],[5, 4, 5, 4, 4]
ARCEUS,[1, 17],[5, 5, 5, 5, 5],[4, 5, 5, 4, 4]
ARCEUS,[3, 8],[5, 5, 5, 5, 5],[4, 4, 5, 5, 4]
ARCEUS,[2, 6],[5, 5, 5, 5, 5],[5, 4, 4, 4, 5]
ARCEUS,[12],[5, 5, 5, 5, 5],[4, 4, 4, 5, 5]
ARCEUS,[15],[5, 5, 5, 5, 5],[5, 5, 4, 4, 4]
ARCEUS,[7],[5, 5, 5, 5, 5],[4, 4, 5, 4, 5]
ARCEUS,[16],[5, 5, 5, 5, 5],[3, 5, 5, 5, 5]