BULBASAUR,[3, 3, 4, 4, 3],[2, 2, 3, 3, 3]
IVYSAUR,[2, 3, 5, 5, 3],[2, 2, 4, 4, 3]
VENUSAUR,[2, 5, 3, 5, 2],[1, 4, 3, 5, 2]
CHARMANDER,[3, 5, 4, 3, 3],[3, 1, 3, 1, 3]
CHARMELEON,[3, 4, 4, 2, 3],[3, 2, 3, 2, 3]
CHARIZARD,[3, 3, 2, 5, 5],[3, 3, 2, 4, 5]
SQUIRTLE,[3, 3, 4, 4, 2],[3, 1, 3, 4, 2]
WARTORTLE,[4, 3, 5, 4, 3],[2, 2, 4, 3, 3]
BLASTOISE,[3, 5, 3, 5, 3],[3, 4, 2, 4, 2]
CATERPIE,[3, 3, 4, 3, 2],[2, 1, 4, 2, 2]
METAPOD,[3, 3, 1, 5, 3],[1, 1, 1, 4, 2]
BUTTERFREE,[4, 3, 3, 3, 5],[2, 2, 2, 2, 5]
WEEDLE,[3, 4, 4, 3, 2],[1, 2, 3, 1, 2]
KAKUNA,[3, 3, 1, 5, 3],[1, 1, 1, 4, 2]
BEEDRILL,[4, 4, 4, 2, 5],[3, 1, 3, 2, 5]
PIDGEY,[5, 3, 4, 3, 5],[3, 2, 3, 2, 3]
PIDGEOTTO,[4, 3, 3, 4, 5],[3, 2, 2, 2, 5]
PIDGEOT,[4, 5, 3, 4, 5],[3, 3, 2, 3, 5]
RATTATA,[5, 3, 3, 3, 3],[5, 1, 3, 1, 2]
RATICATE,[5, 4, 3, 3, 3],[4, 3, 3, 2, 3]
SPEAROW,[5, 4, 3, 3, 5],[3, 2, 1, 1, 3]
FEAROW,[4, 5, 3, 3, 5],[4, 4, 1, 2, 5]
EKANS,[5, 4, 3, 3, 3],[3, 3, 3, 2, 2]
ARBOK,[4, 5, 3, 4, 3],[3, 4, 3, 2, 2]
PIKACHU,[4, 4, 4, 4, 4],[3, 3, 3, 3, 3]
RAICHU,[3, 5, 5, 5, 3],[2, 4, 4, 4, 2]
SANDSHREW,[4, 3, 5, 3, 3],[3, 3, 3, 2, 2]
SANDSLASH,[3, 4, 5, 3, 2],[2, 3, 4, 3, 2]
NIDORANfE,[5, 3, 3, 3, 3],[4, 2, 2, 3, 2]
NIDORINA,[4, 4, 3, 4, 3],[3, 3, 2, 3, 2]
NIDOQUEEN,[3, 5, 3, 5, 2],[2, 4, 3, 5, 2]
NIDORANmA,[5, 4, 3, 2, 3],[4, 2, 2, 1, 2]
NIDORINO,[4, 4, 3, 3, 3],[3, 3, 2, 2, 2]
NIDOKING,[3, 5, 3, 4, 2],[2, 5, 3, 3, 2]
CLEFAIRY,[5, 3, 5, 4, 3],[4, 1, 3, 2, 2]
CLEFABLE,[3, 3, 5, 5, 3],[3, 3, 4, 3, 2]
VULPIX,[5, 3, 4, 3, 3],[4, 2, 3, 2, 3]
NINETALES,[4, 3, 5, 3, 3],[3, 2, 4, 2, 3]
JIGGLYPUFF,[5, 3, 4, 5, 3],[3, 2, 2, 3, 3]
WIGGLYTUFF,[3, 4, 4, 5, 3],[2, 3, 3, 4, 2]
ZUBAT,[5, 3, 4, 3, 5],[4, 1, 1, 1, 5]
GOLBAT,[5, 3, 3, 4, 5],[4, 2, 1, 3, 5]
ODDISH,[5, 3, 3, 4, 3],[3, 1, 2, 4, 3]
GLOOM,[4, 3, 4, 5, 3],[2, 1, 2, 4, 3]
VILEPLUME,[2, 3, 3, 5, 3],[2, 3, 3, 5, 2]
PARAS,[5, 3, 4, 3, 3],[2, 1, 3, 3, 2]
PARASECT,[3, 4, 4, 5, 3],[1, 2, 3, 5, 2]
VENONAT,[5, 3, 3, 4, 3],[4, 2, 2, 3, 2]
VENOMOTH,[3, 4, 3, 3, 5],[3, 2, 3, 1, 5]
DIGLETT,[5, 2, 4, 4, 1],[4, 1, 3, 3, 1]
DUGTRIO,[5, 4, 3, 4, 1],[4, 3, 2, 4, 1]
MEOWTH,[4, 2, 4, 1, 4],[4, 1, 4, 1, 3]
PERSIAN,[5, 3, 5, 1, 4],[4, 2, 3, 1, 4]
PSYDUCK,[5, 5, 5, 5, 4],[2, 2, 2, 2, 2]
GOLDUCK,[3, 4, 3, 4, 4],[3, 3, 2, 4, 3]
MANKEY,[4, 3, 5, 2, 3],[3, 2, 4, 1, 2]
PRIMEAPE,[3, 5, 1, 3, 3],[3, 4, 1, 2, 2]
GROWLITHE,[4, 4, 4, 3, 4],[3, 2, 3, 2, 3]
ARCANINE,[5, 5, 2, 3, 3],[4, 4, 1, 2, 2]
POLIWAG,[4, 2, 3, 5, 4],[3, 1, 2, 3, 2]
POLIWHIRL,[3, 3, 4, 4, 4],[2, 2, 3, 3, 3]
POLIWRATH,[2, 5, 4, 5, 2],[1, 5, 3, 4, 2]
ABRA,[5, 1, 5, 4, 5],[1, 1, 4, 1, 3]
KADABRA,[4, 3, 5, 3, 3],[3, 1, 4, 2, 2]
ALAKAZAM,[4, 1, 5, 1, 2],[3, 1, 5, 1, 2]
MACHOP,[4, 4, 3, 3, 2],[3, 3, 1, 2, 2]
MACHOKE,[2, 4, 3, 4, 2],[2, 4, 2, 3, 2]
MACHAMP,[2, 5, 4, 3, 2],[1, 5, 4, 3, 2]
BELLSPROUT,[2, 2, 2, 5, 3],[1, 1, 2, 3, 2]
WEEPINBELL,[2, 3, 2, 4, 3],[1, 3, 2, 4, 3]
VICTREEBEL,[1, 4, 4, 4, 3],[1, 4, 3, 4, 3]
TENTACOOL,[3, 3, 5, 4, 3],[2, 2, 3, 3, 2]
TENTACRUEL,[2, 3, 4, 4, 3],[1, 3, 4, 3, 2]
GEODUDE,[2, 3, 2, 4, 2],[1, 3, 1, 3, 2]
GRAVELER,[2, 4, 2, 4, 2],[1, 4, 2, 3, 2]
GOLEM,[2, 4, 2, 4, 2],[2, 4, 1, 4, 2]
PONYTA,[5, 2, 2, 3, 4],[3, 2, 2, 3, 4]
RAPIDASH,[5, 3, 2, 4, 4],[5, 2, 2, 3, 3]
SLOWPOKE,[1, 2, 5, 5, 2],[1, 2, 2, 4, 2]
SLOWBRO,[1, 3, 5, 5, 3],[1, 3, 2, 5, 2]
MAGNEMITE,[4, 2, 4, 2, 4],[4, 1, 3, 1, 3]
MAGNETON,[3, 3, 4, 4, 4],[3, 2, 4, 3, 3]
FARFETCHD,[3, 4, 3, 3, 4],[2, 2, 2, 3, 3]
DODUO,[5, 3, 3, 4, 3],[4, 2, 2, 2, 2]
DODRIO,[5, 4, 2, 2, 3],[4, 4, 2, 2, 3]
SEEL,[3, 3, 2, 4, 3],[2, 2, 2, 3, 2]
DEWGONG,[2, 3, 2, 5, 2],[2, 3, 2, 4, 2]
GRIMER,[1, 4, 2, 5, 2],[1, 3, 2, 4, 2]
MUK,[5, 4, 5, 5, 5],[1, 4, 1, 5, 2]
SHELLDER,[3, 3, 2, 4, 2],[2, 3, 2, 3, 2]
CLOYSTER,[2, 5, 1, 4, 2],[1, 4, 1, 4, 2]
GASTLY,[4, 1, 4, 2, 4],[4, 1, 4, 1, 3]
HAUNTER,[4, 1, 5, 4, 4],[3, 1, 4, 3, 3]
GENGAR,[3, 3, 5, 4, 3],[2, 2, 5, 4, 2]
ONIX,[4, 2, 2, 4, 3],[3, 2, 1, 4, 2]
DROWZEE,[2, 4, 3, 5, 3],[1, 3, 2, 4, 2]
HYPNO,[3, 3, 5, 3, 3],[2, 2, 4, 3, 3]
KRABBY,[3, 4, 3, 4, 3],[2, 4, 1, 3, 2]
KINGLER,[2, 5, 3, 5, 2],[1, 4, 2, 4, 2]
VOLTORB,[5, 2, 3, 2, 5],[5, 1, 3, 1, 4]
ELECTRODE,[5, 3, 3, 4, 4],[5, 2, 2, 3, 2]
EXEGGCUTE,[3, 3, 3, 4, 3],[3, 2, 2, 4, 2]
EXEGGUTOR,[3, 4, 3, 4, 3],[2, 3, 3, 4, 2]
CUBONE,[4, 5, 3, 3, 3],[4, 2, 3, 2, 3]
MAROWAK,[3, 5, 3, 4, 2],[2, 4, 3, 4, 2]
HITMONLEE,[3, 4, 3, 3, 4],[3, 4, 2, 2, 4]
HITMONCHAN,[3, 4, 5, 4, 3],[3, 3, 3, 4, 2]
LICKITUNG,[3, 4, 3, 5, 3],[2, 3, 2, 4, 2]
KOFFING,[3, 3, 3, 4, 3],[2, 2, 3, 4, 2]
WEEZING,[2, 4, 3, 4, 3],[2, 3, 2, 4, 2]
RHYHORN,[5, 5, 2, 4, 2],[2, 3, 1, 3, 2]
RHYDON,[2, 5, 3, 5, 3],[2, 4, 2, 4, 2]
CHANSEY,[3, 4, 4, 5, 3],[2, 1, 1, 5, 3]
TANGELA,[3, 4, 4, 4, 3],[2, 2, 4, 3, 2]
KANGASKHAN,[4, 5, 4, 5, 2],[2, 3, 2, 3, 2]
HORSEA,[4, 3, 3, 3, 3],[3, 1, 3, 2, 3]
SEADRA,[3, 3, 4, 4, 3],[2, 2, 4, 3, 2]
GOLDEEN,[4, 4, 3, 2, 3],[3, 2, 2, 1, 3]
SEAKING,[4, 4, 3, 3, 3],[2, 3, 2, 3, 2]
STARYU,[5, 3, 3, 3, 3],[4, 1, 3, 2, 3]
STARMIE,[5, 5, 3, 3, 4],[4, 2, 3, 2, 4]
MRMIME,[3, 3, 5, 4, 3],[2, 2, 4, 3, 3]
SCYTHER,[4, 4, 5, 2, 5],[3, 3, 3, 2, 4]
JYNX,[3, 3, 5, 4, 3],[2, 2, 4, 3, 2]
ELECTABUZZ,[4, 4, 4, 4, 3],[3, 3, 3, 3, 3]
MAGMAR,[2, 3, 5, 5, 3],[2, 2, 4, 4, 2]
PINSIR,[2, 5, 4, 5, 3],[2, 4, 3, 4, 2]
TAUROS,[4, 5, 2, 5, 2],[3, 4, 2, 2, 2]
MAGIKARP,[5, 4, 3, 5, 4],[1, 1, 1, 1, 2]
GYARADOS,[3, 5, 2, 4, 5],[2, 5, 1, 3, 4]
LAPRAS,[3, 4, 4, 5, 3],[2, 3, 3, 4, 3]
DITTO,[5, 5, 5, 5, 5],[2, 2, 2, 2, 2]
EEVEE,[4, 4, 4, 4, 3],[2, 2, 2, 2, 2]
VAPOREON,[3, 3, 5, 5, 3],[2, 1, 4, 3, 3]
JOLTEON,[5, 3, 5, 2, 3],[4, 2, 4, 2, 3]
FLAREON,[4, 5, 3, 3, 3],[3, 4, 2, 2, 3]
PORYGON,[3, 3, 3, 5, 3],[2, 2, 2, 5, 2]
OMANYTE,[3, 3, 4, 4, 3],[2, 2, 3, 3, 2]
OMASTAR,[3, 4, 4, 3, 2],[2, 3, 4, 2, 2]
KABUTO,[4, 4, 3, 3, 3],[3, 2, 2, 2, 2]
KABUTOPS,[5, 5, 3, 3, 3],[3, 4, 2, 1, 2]
AERODACTYL,[5, 3, 2, 3, 5],[5, 2, 2, 2, 5]
SNORLAX,[2, 5, 3, 5, 2],[1, 4, 1, 5, 2]
ARTICUNO,[4, 4, 5, 3, 5],[3, 3, 5, 3, 5]
ZAPDOS,[5, 5, 5, 3, 5],[5, 3, 4, 2, 5]
MOLTRES,[4, 5, 5, 5, 5],[3, 3, 4, 4, 5]
DRATINI,[5, 3, 3, 4, 3],[4, 2, 2, 3, 2]
DRAGONAIR,[4, 3, 4, 3, 5],[3, 2, 3, 3, 4]
DRAGONITE,[5, 5, 3, 4, 5],[2, 5, 2, 3, 5]
MEWTWO,[5, 5, 5, 4, 4],[5, 3, 5, 3, 3]
MEW,[5, 5, 5, 5, 5],[4, 2, 5, 4, 3]
CHIKORITA,[4, 3, 4, 5, 3],[3, 2, 2, 4, 3]
BAYLEEF,[3, 3, 5, 5, 3],[2, 2, 4, 4, 2]
MEGANIUM,[2, 5, 5, 5, 2],[2, 3, 5, 5, 2]
CYNDAQUIL,[5, 4, 3, 3, 3],[4, 2, 3, 1, 3]
QUILAVA,[5, 4, 3, 4, 3],[4, 3, 2, 3, 2]
TYPHLOSION,[4, 5, 3, 5, 3],[2, 5, 2, 4, 2]
TOTODILE,[4, 5, 3, 3, 3],[3, 4, 2, 2, 3]
CROCONAW,[3, 5, 3, 5, 3],[2, 4, 2, 4, 3]
FERALIGATR,[4, 5, 4, 4, 2],[4, 4, 3, 3, 2]
SENTRET,[5, 3, 4, 4, 4],[4, 2, 2, 2, 3]
FURRET,[5, 3, 3, 3, 3],[5, 2, 2, 2, 3]
HOOTHOOT,[3, 3, 5, 3, 4],[2, 2, 3, 2, 4]
NOCTOWL,[3, 3, 3, 4, 5],[3, 2, 2, 3, 4]
LEDYBA,[5, 2, 5, 3, 5],[4, 1, 3, 1, 4]
LEDIAN,[5, 2, 5, 3, 5],[4, 1, 3, 2, 5]
SPINARAK,[4, 3, 4, 4, 3],[3, 2, 4, 1, 2]
ARIADOS,[4, 3, 4, 4, 3],[4, 3, 3, 2, 2]
CROBAT,[5, 3, 3, 2, 5],[5, 1, 3, 2, 5]
CHINCHOU,[4, 3, 5, 4, 3],[3, 2, 3, 2, 2]
LANTURN,[3, 3, 3, 4, 4],[3, 2, 3, 4, 3]
PICHU,[4, 3, 5, 3, 3],[4, 1, 4, 1, 3]
CLEFFA,[5, 2, 4, 3, 3],[4, 1, 3, 3, 2]
IGGLYBUFF,[4, 3, 3, 4, 4],[3, 1, 2, 3, 3]
TOGEPI,[5, 3, 3, 5, 4],[4, 1, 2, 4, 3]
TOGETIC,[4, 5, 3, 5, 5],[3, 2, 3, 4, 4]
NATU,[4, 3, 2, 4, 4],[3, 2, 2, 3, 3]
XATU,[3, 3, 3, 4, 4],[2, 3, 3, 4, 3]
MAREEP,[3, 3, 3, 4, 2],[2, 3, 2, 4, 2]
FLAAFFY,[3, 3, 3, 4, 3],[2, 3, 3, 4, 3]
AMPHAROS,[3, 4, 4, 5, 3],[1, 3, 3, 4, 3]
BELLOSSOM,[4, 3, 5, 3, 4],[3, 2, 4, 3, 3]
MARILL,[4, 5, 3, 3, 3],[3, 4, 2, 2, 3]
AZUMARILL,[3, 5, 3, 4, 2],[2, 5, 3, 3, 2]
SUDOWOODO,[2, 4, 4, 5, 3],[2, 3, 3, 4, 2]
POLITOED,[3, 4, 4, 4, 4],[3, 3, 3, 3, 4]
HOPPIP,[5, 2, 1, 1, 5],[3, 1, 1, 1, 5]
SKIPLOOM,[5, 3, 1, 2, 5],[4, 2, 1, 2, 5]
JUMPLUFF,[5, 3, 2, 2, 5],[4, 1, 2, 2, 5]
AIPOM,[4, 3, 4, 3, 4],[4, 2, 4, 2, 3]
SUNKERN,[5, 5, 5, 5, 5],[3, 1, 1, 1, 2]
SUNFLORA,[2, 5, 3, 5, 3],[2, 3, 3, 4, 2]
YANMA,[5, 2, 1, 3, 5],[3, 2, 1, 2, 5]
WOOPER,[3, 3, 3, 4, 3],[3, 2, 2, 4, 2]
QUAGSIRE,[2, 4, 4, 5, 2],[1, 3, 3, 5, 2]
ESPEON,[3, 3, 5, 2, 4],[3, 2, 4, 2, 3]
UMBREON,[3, 4, 2, 5, 3],[2, 4, 2, 4, 3]
MURKROW,[4, 3, 4, 4, 4],[3, 2, 3, 3, 4]
SLOWKING,[3, 3, 5, 3, 3],[2, 2, 5, 2, 2]
MISDREAVUS,[4, 2, 3, 2, 5],[3, 1, 3, 2, 5]
UNOWN,[4, 3, 4, 4, 5],[2, 2, 2, 2, 2]
WOBBUFFET,[2, 4, 5, 5, 3],[1, 3, 3, 5, 2]
GIRAFARIG,[4, 4, 4, 3, 3],[3, 3, 3, 2, 2]
PINECO,[3, 5, 4, 5, 3],[2, 2, 3, 3, 3]
FORRETRESS,[2, 4, 4, 5, 3],[1, 4, 3, 4, 2]
DUNSPARCE,[3, 4, 2, 4, 5],[2, 3, 1, 3, 4]
GLIGAR,[4, 3, 3, 2, 5],[3, 2, 3, 2, 5]
STEELIX,[2, 5, 2, 5, 2],[1, 5, 2, 5, 2]
SNUBBULL,[3, 5, 4, 3, 3],[3, 3, 4, 3, 2]
GRANBULL,[2, 5, 4, 3, 2],[2, 4, 4, 3, 2]
QWILFISH,[3, 4, 3, 5, 3],[3, 3, 2, 4, 2]
SCIZOR,[2, 5, 5, 5, 3],[2, 4, 2, 4, 2]
SHUCKLE,[2, 4, 2, 5, 2],[1, 1, 1, 5, 2]
HERACROSS,[3, 5, 3, 3, 3],[3, 4, 3, 2, 2]
SNEASEL,[5, 3, 5, 1, 4],[5, 2, 4, 1, 3]
TEDDIURSA,[3, 3, 4, 5, 3],[3, 3, 4, 4, 2]
URSARING,[3, 5, 3, 5, 2],[2, 4, 2, 5, 2]
SLUGMA,[2, 3, 3, 4, 2],[1, 2, 2, 4, 2]
MAGCARGO,[1, 4, 2, 5, 2],[1, 4, 2, 4, 2]
SWINUB,[3, 4, 2, 4, 3],[3, 2, 2, 3, 2]
PILOSWINE,[2, 4, 2, 5, 2],[2, 3, 1, 4, 2]
CORSOLA,[4, 3, 3, 3, 3],[4, 2, 2, 3, 3]
REMORAID,[3, 3, 5, 3, 3],[3, 2, 4, 2, 3]
OCTILLERY,[2, 4, 4, 5, 2],[2, 4, 3, 4, 2]
DELIBIRD,[3, 3, 4, 5, 3],[3, 3, 3, 4, 3]
MANTINE,[4, 4, 3, 5, 3],[3, 3, 3, 4, 2]
SKARMORY,[5, 3, 2, 4, 5],[4, 3, 1, 2, 5]
HOUNDOUR,[4, 3, 4, 3, 4],[4, 2, 4, 3, 3]
HOUNDOOM,[4, 3, 2, 4, 4],[4, 3, 2, 3, 3]
KINGDRA,[5, 4, 3, 5, 2],[2, 4, 3, 4, 2]
PHANPY,[3, 5, 3, 4, 3],[3, 4, 3, 3, 2]
DONPHAN,[4, 5, 2, 4, 2],[2, 5, 2, 4, 2]
PORYGON2,[4, 4, 4, 4, 4],[3, 3, 4, 3, 3]
STANTLER,[3, 4, 3, 4, 3],[3, 4, 3, 3, 3]
SMEARGLE,[3, 3, 5, 3, 3],[3, 2, 5, 3, 3]
TYROGUE,[4, 4, 4, 2, 3],[4, 2, 4, 2, 3]
HITMONTOP,[3, 3, 5, 3, 3],[3, 3, 5, 3, 3]
SMOOCHUM,[4, 2, 4, 3, 3],[4, 1, 3, 1, 3]
ELEKID,[4, 3, 3, 2, 3],[4, 2, 3, 1, 3]
MAGBY,[3, 3, 3, 3, 3],[3, 3, 3, 2, 2]
MILTANK,[3, 4, 4, 5, 3],[2, 4, 3, 4, 2]
BLISSEY,[3, 3, 3, 5, 3],[2, 2, 3, 5, 2]
RAIKOU,[5, 4, 4, 3, 3],[5, 3, 4, 3, 3]
ENTEI,[4, 5, 3, 4, 3],[4, 5, 3, 4, 2]
SUICUNE,[5, 4, 5, 3, 4],[4, 3, 4, 3, 4]
LARVITAR,[3, 4, 4, 3, 3],[3, 2, 3, 3, 3]
PUPITAR,[4, 4, 1, 4, 4],[3, 4, 1, 3, 2]
TYRANITAR,[2, 5, 4, 5, 2],[2, 5, 4, 4, 2]
LUGIA,[4, 5, 4, 4, 5],[4, 4, 3, 3, 5]
HOOH,[4, 4, 5, 4, 5],[4, 3, 4, 3, 5]
CELEBI,[5, 3, 5, 3, 5],[5, 1, 5, 2, 5]
TREECKO,[5, 3, 5, 2, 3],[5, 2, 4, 2, 2]
GROVYLE,[5, 4, 5, 4, 4],[4, 2, 4, 3, 4]
SCEPTILE,[4, 5, 5, 4, 4],[4, 4, 4, 2, 3]
TORCHIC,[5, 4, 4, 3, 4],[4, 2, 2, 2, 2]
COMBUSKEN,[4, 5, 4, 3, 4],[3, 4, 3, 3, 3]
BLAZIKEN,[2, 5, 5, 4, 4],[2, 5, 3, 2, 4]
MUDKIP,[4, 4, 3, 5, 3],[2, 3, 2, 4, 3]
MARSHTOMP,[3, 4, 4, 5, 3],[2, 4, 3, 4, 3]
SWAMPERT,[3, 5, 5, 5, 2],[2, 4, 2, 5, 2]
POOCHYENA,[4, 4, 4, 5, 3],[3, 3, 2, 4, 2]
MIGHTYENA,[4, 5, 3, 5, 3],[2, 4, 2, 5, 2]
ZIGZAGOON,[4, 4, 5, 4, 3],[4, 1, 3, 4, 2]
LINOONE,[5, 4, 3, 4, 3],[4, 2, 2, 4, 2]
WURMPLE,[3, 3, 5, 4, 3],[1, 2, 4, 1, 2]
SILCOON,[3, 3, 3, 5, 2],[1, 1, 1, 3, 2]
BEAUTIFLY,[3, 4, 3, 5, 5],[3, 2, 3, 4, 5]
CASCOON,[3, 3, 4, 4, 2],[1, 2, 1, 2, 2]
DUSTOX,[4, 3, 5, 3, 5],[2, 2, 4, 2, 5]
LOTAD,[3, 4, 4, 5, 2],[2, 2, 3, 3, 2]
LOMBRE,[3, 4, 5, 4, 3],[3, 3, 4, 2, 2]
LUDICOLO,[4, 4, 5, 5, 3],[2, 3, 3, 3, 2]
SEEDOT,[4, 3, 4, 4, 3],[3, 2, 2, 2, 2]
NUZLEAF,[5, 4, 4, 2, 3],[3, 3, 4, 2, 3]
SHIFTRY,[4, 4, 4, 4, 4],[3, 3, 3, 3, 3]
TAILLOW,[4, 4, 3, 4, 5],[3, 2, 2, 4, 4]
SWELLOW,[3, 5, 2, 4, 5],[3, 3, 1, 4, 5]
WINGULL,[4, 3, 3, 4, 5],[3, 1, 2, 3, 5]
PELIPPER,[3, 4, 2, 5, 5],[2, 2, 2, 4, 5]
RALTS,[4, 1, 5, 4, 3],[3, 1, 3, 1, 2]
KIRLIA,[3, 4, 5, 3, 3],[2, 2, 4, 2, 3]
GARDEVOIR,[4, 3, 5, 2, 4],[3, 1, 5, 2, 3]
SURSKIT,[5, 3, 3, 3, 3],[3, 1, 2, 2, 2]
MASQUERAIN,[4, 3, 3, 4, 5],[3, 1, 3, 4, 5]
SHROOMISH,[3, 3, 2, 5, 3],[2, 2, 2, 4, 2]
BRELOOM,[3, 5, 5, 3, 3],[3, 4, 2, 2, 2]
SLAKOTH,[2, 2, 2, 5, 2],[1, 1, 1, 4, 2]
VIGOROTH,[5, 3, 4, 4, 4],[4, 2, 2, 3, 3]
SLAKING,[1, 5, 2, 5, 2],[1, 5, 1, 4, 2]
NINCADA,[3, 3, 4, 5, 3],[2, 2, 3, 3, 2]
NINJASK,[5, 3, 3, 2, 5],[5, 2, 2, 2, 5]
SHEDINJA,[2, 3, 3, 5, 5],[2, 1, 1, 4, 5]
WHISMUR,[5, 3, 4, 3, 3],[4, 2, 2, 3, 2]
LOUDRED,[4, 4, 4, 4, 3],[3, 3, 4, 3, 2]
EXPLOUD,[3, 4, 4, 5, 2],[3, 4, 4, 4, 2]
MAKUHITA,[3, 5, 3, 4, 5],[3, 3, 3, 3, 3]
HARIYAMA,[2, 5, 3, 4, 5],[2, 5, 2, 3, 2]
AZURILL,[5, 2, 3, 3, 4],[4, 1, 2, 2, 3]
NOSEPASS,[2, 4, 3, 5, 3],[1, 3, 2, 4, 2]
SKITTY,[5, 3, 3, 3, 4],[4, 3, 3, 2, 3]
DELCATTY,[5, 3, 4, 4, 4],[4, 2, 4, 3, 3]
SABLEYE,[4, 4, 4, 4, 3],[3, 3, 3, 3, 3]
MAWILE,[4, 5, 4, 4, 3],[4, 3, 3, 4, 2]
ARON,[3, 4, 3, 3, 2],[3, 4, 2, 3, 2]
LAIRON,[3, 5, 4, 4, 2],[2, 4, 3, 3, 2]
AGGRON,[2, 5, 4, 4, 2],[1, 5, 4, 4, 2]
MEDITITE,[2, 2, 5, 3, 5],[2, 2, 5, 2, 2]
MEDICHAM,[5, 5, 5, 3, 4],[3, 3, 4, 2, 3]
ELECTRIKE,[5, 3, 4, 3, 4],[4, 2, 2, 2, 2]
MANECTRIC,[5, 3, 4, 3, 4],[4, 3, 4, 3, 3]
PLUSLE,[4, 2, 2, 3, 4],[4, 2, 2, 2, 3]
MINUN,[4, 2, 2, 3, 4],[4, 2, 2, 2, 3]
VOLBEAT,[4, 3, 2, 3, 5],[3, 3, 2, 2, 5]
ILLUMISE,[4, 2, 3, 3, 5],[3, 2, 3, 3, 5]
ROSELIA,[3, 3, 5, 3, 3],[3, 2, 4, 2, 3]
GULPIN,[2, 2, 2, 4, 2],[1, 1, 2, 3, 2]
SWALOT,[2, 4, 3, 5, 2],[1, 3, 3, 4, 2]
CARVANHA,[4, 4, 4, 3, 3],[3, 3, 2, 2, 2]
SHARPEDO,[4, 4, 4, 2, 3],[4, 4, 4, 2, 2]
WAILMER,[3, 4, 3, 5, 4],[3, 3, 2, 4, 3]
WAILORD,[3, 5, 1, 5, 4],[2, 4, 1, 5, 2]
NUMEL,[3, 5, 2, 4, 2],[2, 4, 2, 4, 2]
CAMERUPT,[3, 5, 2, 4, 2],[3, 5, 2, 3, 2]
TORKOAL,[2, 5, 3, 5, 2],[1, 4, 2, 4, 2]
SPOINK,[3, 3, 3, 4, 5],[2, 2, 2, 4, 4]
GRUMPIG,[2, 5, 5, 5, 3],[2, 3, 3, 4, 3]
SPINDA,[3, 3, 4, 3, 3],[2, 2, 3, 3, 2]
TRAPINCH,[2, 5, 3, 5, 2],[1, 3, 2, 3, 2]
VIBRAVA,[4, 3, 5, 3, 4],[3, 2, 4, 2, 3]
FLYGON,[4, 5, 4, 2, 5],[3, 3, 3, 2, 5]
CACNEA,[3, 4, 4, 5, 3],[3, 3, 3, 4, 2]
CACTURNE,[4, 4, 5, 3, 3],[4, 3, 4, 2, 2]
SWABLU,[3, 3, 4, 4, 5],[2, 2, 3, 3, 5]
ALTARIA,[3, 3, 4, 4, 5],[2, 2, 4, 3, 5]
ZANGOOSE,[3, 5, 4, 5, 3],[2, 4, 3, 4, 3]
SEVIPER,[4, 4, 5, 5, 2],[3, 3, 4, 4, 2]
LUNATONE,[3, 3, 4, 4, 3],[2, 2, 3, 4, 3]
SOLROCK,[3, 5, 4, 4, 3],[2, 3, 2, 4, 3]
BARBOACH,[4, 3, 4, 5, 3],[4, 2, 3, 3, 2]
WHISCASH,[2, 5, 4, 5, 2],[2, 4, 3, 4, 2]
CORPHISH,[4, 4, 4, 4, 2],[3, 3, 3, 3, 2]
CRAWDAUNT,[3, 5, 4, 4, 3],[2, 4, 3, 3, 2]
BALTOY,[4, 3, 5, 4, 3],[3, 2, 4, 3, 2]
CLAYDOL,[3, 3, 5, 4, 4],[2, 2, 4, 3, 4]
LILEEP,[3, 4, 3, 5, 2],[1, 3, 2, 4, 2]
CRADILY,[1, 4, 3, 5, 2],[1, 4, 2, 5, 2]
ANORITH,[5, 3, 5, 3, 2],[4, 2, 4, 2, 2]
ARMALDO,[2, 5, 4, 5, 2],[2, 4, 3, 4, 2]
FEEBAS,[5, 2, 1, 1, 2],[2, 1, 1, 1, 2]
MILOTIC,[4, 3, 5, 5, 3],[4, 2, 5, 4, 3]
CASTFORM,[4, 4, 4, 4, 4],[4, 2, 2, 2, 4]
KECLEON,[4, 3, 5, 4, 3],[3, 2, 4, 3, 2]
SHUPPET,[5, 2, 3, 3, 4],[4, 1, 2, 1, 4]
BANETTE,[3, 4, 4, 3, 3],[3, 4, 4, 3, 3]
DUSKULL,[4, 3, 3, 3, 4],[4, 2, 1, 2, 4]
DUSCLOPS,[3, 4, 4, 5, 2],[2, 3, 4, 4, 2]
TROPIUS,[4, 5, 2, 4, 5],[3, 3, 2, 3, 5]
CHIMECHO,[5, 2, 2, 2, 5],[3, 2, 1, 2, 4]
ABSOL,[5, 4, 3, 4, 3],[3, 3, 3, 3, 3]
WYNAUT,[5, 3, 4, 5, 3],[3, 1, 1, 3, 2]
SNORUNT,[5, 3, 4, 3, 3],[4, 2, 3, 2, 2]
GLALIE,[3, 5, 2, 5, 2],[2, 4, 2, 4, 2]
SPHEAL,[4, 4, 2, 4, 2],[3, 3, 1, 3, 2]
SEALEO,[4, 4, 2, 4, 2],[2, 4, 2, 4, 2]
WALREIN,[2, 5, 1, 5, 2],[1, 5, 1, 5, 2]
CLAMPERL,[3, 3, 3, 5, 3],[3, 3, 2, 4, 2]
HUNTAIL,[4, 5, 2, 3, 3],[4, 5, 1, 3, 2]
GOREBYSS,[4, 3, 4, 3, 3],[4, 2, 4, 3, 2]
RELICANTH,[3, 4, 3, 5, 3],[3, 3, 2, 4, 2]
LUVDISC,[5, 1, 1, 5, 3],[3, 1, 1, 3, 2]
BAGON,[4, 4, 4, 4, 3],[3, 3, 3, 3, 3]
SHELGON,[2, 5, 2, 5, 2],[2, 4, 1, 4, 2]
SALAMENCE,[3, 5, 3, 3, 5],[3, 5, 2, 2, 5]
BELDUM,[4, 4, 1, 3, 4],[3, 3, 1, 3, 3]
METANG,[3, 4, 3, 4, 4],[2, 4, 3, 3, 3]
METAGROSS,[2, 5, 4, 5, 2],[1, 4, 4, 4, 2]
REGIROCK,[2, 5, 5, 5, 2],[2, 5, 4, 5, 2]
REGICE,[2, 4, 5, 5, 3],[2, 3, 5, 5, 3]
REGISTEEL,[2, 5, 5, 5, 2],[2, 4, 5, 5, 2]
LATIAS,[5, 4, 5, 3, 5],[5, 3, 4, 2, 5]
LATIOS,[5, 4, 5, 3, 5],[4, 3, 5, 2, 5]
KYOGRE,[4, 4, 5, 5, 4],[3, 3, 4, 5, 3]
GROUDON,[2, 5, 5, 5, 2],[1, 5, 5, 5, 2]
RAYQUAZA,[5, 5, 3, 5, 5],[4, 4, 3, 4, 5]
JIRACHI,[5, 3, 5, 4, 5],[3, 3, 4, 3, 4]
DEOXYS,[4, 4, 4, 4, 4],[4, 4, 4, 4, 3]
TURTWIG,[4, 4, 3, 4, 3],[3, 3, 2, 3, 2]
GROTLE,[3, 4, 3, 5, 3],[2, 4, 3, 4, 2]
TORTERRA,[2, 5, 3, 5, 2],[1, 5, 3, 5, 2]
CHIMCHAR,[5, 4, 4, 2, 3],[5, 3, 3, 1, 3]
MONFERNO,[5, 4, 5, 2, 3],[4, 3, 4, 2, 3]
INFERNAPE,[4, 5, 5, 2, 3],[4, 4, 4, 1, 3]
PIPLUP,[5, 4, 3, 3, 5],[4, 3, 2, 2, 3]
PRINPLUP,[4, 4, 4, 5, 4],[3, 3, 3, 3, 3]
EMPOLEON,[3, 5, 3, 5, 4],[3, 3, 3, 4, 3]
STARLY,[4, 3, 2, 3, 5],[3, 2, 2, 2, 4]
STARAVIA,[4, 3, 3, 4, 5],[3, 3, 2, 3, 5]
STARAPTOR,[3, 5, 3, 4, 5],[3, 4, 1, 3, 5]
BIDOOF,[4, 4, 4, 4, 2],[2, 2, 1, 3, 2]
BIBAREL,[4, 4, 4, 5, 2],[1, 3, 2, 5, 2]
KRICKETOT,[4, 3, 4, 3, 3],[4, 2, 3, 2, 3]
KRICKETUNE,[4, 3, 5, 3, 3],[3, 2, 4, 3, 3]
SHINX,[4, 4, 4, 3, 3],[3, 3, 2, 3, 3]
LUXIO,[4, 4, 3, 4, 3],[3, 4, 3, 3, 3]
LUXRAY,[3, 5, 4, 4, 3],[3, 4, 4, 4, 3]
BUDEW,[5, 3, 3, 3, 3],[3, 1, 2, 2, 3]
ROSERADE,[4, 4, 5, 3, 3],[3, 3, 5, 2, 3]
CRANIDOS,[4, 5, 3, 3, 3],[3, 4, 3, 2, 2]
RAMPARDOS,[3, 5, 3, 4, 3],[3, 5, 2, 3, 2]
SHIELDON,[3, 4, 3, 5, 2],[3, 3, 2, 4, 2]
BASTIODON,[2, 5, 3, 5, 2],[2, 3, 1, 5, 2]
BURMY,[5, 3, 5, 4, 3],[1, 1, 1, 1, 2]
WORMADAM,[4, 3, 4, 4, 3],[3, 2, 4, 3, 3]
MOTHIM,[5, 4, 4, 2, 5],[4, 3, 2, 1, 5]
COMBEE,[5, 2, 1, 2, 5],[5, 1, 1, 1, 5]
VESPIQUEN,[3, 3, 5, 5, 5],[3, 1, 4, 3, 5]
PACHIRISU,[5, 3, 5, 3, 3],[4, 2, 3, 2, 3]
BUIZEL,[5, 4, 4, 4, 3],[5, 1, 2, 2, 3]
FLOATZEL,[4, 4, 5, 5, 3],[3, 3, 3, 3, 3]
CHERUBI,[4, 3, 3, 3, 3],[3, 1, 2, 2, 2]
CHERRIM,[4, 3, 5, 4, 3],[3, 2, 4, 2, 3]
SHELLOS,[3, 4, 3, 5, 2],[1, 1, 1, 3, 2]
GASTRODON,[2, 5, 3, 5, 2],[1, 4, 3, 5, 2]
AMBIPOM,[4, 4, 5, 4, 4],[3, 2, 5, 3, 3]
DRIFLOON,[5, 1, 4, 4, 5],[3, 1, 4, 3, 5]
DRIFBLIM,[4, 3, 2, 5, 5],[3, 3, 2, 4, 5]
BUNEARY,[5, 4, 2, 4, 4],[4, 2, 1, 2, 3]
LOPUNNY,[5, 4, 2, 4, 4],[4, 3, 1, 3, 3]
MISMAGIUS,[4, 2, 5, 3, 5],[4, 2, 4, 2, 5]
HONCHKROW,[3, 4, 3, 5, 5],[2, 3, 2, 4, 5]
GLAMEOW,[5, 5, 4, 3, 4],[5, 2, 2, 2, 3]
PURUGLY,[4, 5, 2, 4, 3],[2, 4, 1, 4, 2]
CHINGLING,[4, 3, 3, 3, 5],[2, 2, 2, 3, 4]
STUNKY,[5, 4, 3, 3, 3],[3, 2, 2, 2, 3]
SKUNTANK,[3, 5, 4, 4, 2],[2, 4, 2, 3, 2]
BRONZOR,[3, 4, 1, 5, 4],[2, 2, 1, 4, 3]
BRONZONG,[1, 5, 3, 5, 5],[1, 3, 3, 4, 3]
BONSLY,[4, 3, 3, 4, 3],[3, 3, 1, 4, 2]
MIMEJR,[5, 2, 5, 3, 3],[4, 1, 3, 1, 3]
HAPPINY,[4, 3, 4, 4, 3],[3, 1, 2, 3, 2]
CHATOT,[4, 3, 4, 3, 5],[3, 2, 3, 2, 4]
SPIRITOMB,[2, 4, 2, 5, 2],[1, 3, 2, 5, 2]
GIBLE,[4, 4, 3, 3, 2],[3, 3, 2, 3, 2]
GABITE,[3, 4, 4, 4, 3],[3, 4, 3, 3, 3]
GARCHOMP,[3, 5, 5, 4, 2],[2, 4, 4, 3, 2]
MUNCHLAX,[3, 5, 4, 5, 2],[2, 3, 2, 4, 2]
RIOLU,[5, 4, 5, 3, 4],[4, 2, 2, 2, 3]
LUCARIO,[4, 5, 5, 3, 4],[3, 4, 4, 2, 3]
HIPPOPOTAS,[3, 5, 3, 5, 3],[2, 3, 2, 3, 2]
HIPPOWDON,[2, 5, 2, 5, 2],[1, 4, 2, 4, 2]
SKORUPI,[2, 4, 5, 4, 2],[2, 3, 4, 3, 2]
DRAPION,[2, 5, 5, 4, 2],[1, 4, 4, 4, 2]
CROAGUNK,[5, 4, 5, 3, 4],[3, 2, 3, 2, 2]
TOXICROAK,[4, 4, 5, 4, 4],[3, 3, 4, 3, 3]
CARNIVINE,[3, 5, 3, 3, 5],[2, 3, 2, 2, 5]
FINNEON,[5, 2, 4, 4, 4],[4, 1, 2, 2, 3]
LUMINEON,[4, 3, 4, 5, 4],[3, 1, 3, 3, 3]
MANTYKE,[4, 3, 2, 4, 4],[3, 2, 2, 3, 3]
SNOVER,[4, 4, 4, 4, 3],[2, 2, 3, 3, 2]
ABOMASNOW,[2, 5, 5, 5, 2],[2, 3, 4, 4, 2]
WEAVILE,[5, 5, 5, 3, 3],[4, 4, 3, 2, 2]
MAGNEZONE,[2, 3, 5, 4, 5],[2, 3, 4, 3, 4]
LICKILICKY,[2, 4, 5, 5, 2],[2, 3, 4, 4, 2]
RHYPERIOR,[1, 5, 4, 5, 2],[1, 5, 2, 5, 2]
TANGROWTH,[2, 5, 5, 5, 2],[1, 3, 4, 5, 2]
ELECTIVIRE,[5, 4, 5, 4, 2],[3, 3, 4, 4, 2]
MAGMORTAR,[2, 5, 5, 5, 2],[2, 4, 4, 4, 2]
TOGEKISS,[4, 3, 4, 4, 5],[3, 2, 3, 3, 5]
YANMEGA,[5, 3, 3, 3, 5],[4, 2, 1, 3, 5]
LEAFEON,[3, 4, 4, 5, 4],[2, 3, 3, 4, 3]
GLACEON,[4, 4, 5, 4, 3],[3, 3, 4, 2, 3]
GLISCOR,[3, 5, 5, 4, 5],[2, 4, 4, 2, 4]
MAMOSWINE,[4, 5, 3, 5, 2],[2, 4, 2, 4, 2]
PORYGONZ,[4, 5, 5, 1, 4],[4, 4, 2, 1, 4]
GALLADE,[4, 5, 5, 2, 4],[3, 3, 5, 2, 3]
PROBOPASS,[2, 5, 4, 5, 5],[2, 3, 1, 4, 3]
DUSKNOIR,[2, 4, 4, 4, 4],[1, 4, 3, 4, 4]
FROSLASS,[4, 3, 5, 3, 5],[3, 1, 4, 2, 3]
ROTOM,[5, 3, 5, 4, 5],[3, 2, 3, 3, 4]
UXIE,[4, 4, 4, 5, 5],[3, 3, 3, 4, 4]
MESPRIT,[3, 5, 4, 4, 5],[2, 4, 4, 3, 4]
AZELF,[4, 3, 5, 3, 5],[4, 2, 5, 2, 4]
DIALGA,[3, 5, 5, 5, 5],[2, 5, 4, 4, 3]
PALKIA,[3, 5, 5, 5, 5],[2, 4, 5, 4, 3]
HEATRAN,[3, 5, 5, 5, 2],[2, 4, 3, 4, 2]
REGIGIGAS,[3, 5, 5, 5, 2],[1, 5, 3, 5, 2]
GIRATINA,[2, 5, 4, 5, 3],[2, 4, 3, 5, 2]
CRESSELIA,[4, 3, 5, 5, 5],[2, 2, 3, 4, 4]
PHIONE,[5, 2, 5, 3, 3],[4, 1, 3, 1, 2]
MANAPHY,[4, 3, 5, 4, 3],[3, 2, 4, 3, 3]
DARKRAI,[4, 4, 5, 3, 5],[3, 2, 4, 3, 3]
SHAYMIN,[5, 4, 3, 4, 3],[4, 2, 2, 3, 3]
ARCEUS,[5, 5, 5, 5, 5],[4, 5, 4, 5, 4]
VICTINI,
SNIVY,
SERVINE,
SERPERIOR,
TEPIG,
PIGNITE,
EMBOAR,
OSHAWOTT,
DEWOTT,
SAMUROTT,
PATRAT,
WATCHOG,
LILLIPUP,
HERDIER,
STOUTLAND,
PURRLOIN,
LIEPARD,
PANSAGE,
SIMISAGE,
PANSEAR,
SIMISEAR,
PANPOUR,
SIMIPOUR,
MUNNA,
MUSHARNA,
PIDOVE,
TRANQUILL,
UNFEZANT,
BLITZLE,
ZEBSTRIKA,
ROGGENROLA,
BOLDORE,
GIGALITH,
WOOBAT,
SWOOBAT,
DRILBUR,
EXCADRILL,
AUDINO,
TIMBURR,
GURDURR,
CONKELDURR,
TYMPOLE,
PALPITOAD,
SEISMITOAD,
THROH,
SAWK,
SEWADDLE,
SWADLOON,
LEAVANNY,
VENIPEDE,
WHIRLIPEDE,
SCOLIPEDE,
COTTONEE,
WHIMSICOTT,
PETILIL,
LILLIGANT,
BASCULIN,
SANDILE,
KROKOROK,
KROOKODILE,
DARUMAKA,
DARMANITAN,
MARACTUS,
DWEBBLE,
CRUSTLE,
SCRAGGY,
SCRAFTY,
SIGILYPH,
YAMASK,
COFAGRIGUS,
TIRTOUGA,
CARRACOSTA,
ARCHEN,
ARCHEOPS,
TRUBBISH,
GARBODOR,
ZORUA,
ZOROARK,
MINCCINO,
CINCCINO,
GOTHITA,
GOTHORITA,
GOTHITELLE,
SOLOSIS,
DUOSION,
REUNICLUS,
DUCKLETT,
SWANNA,
VANILLITE,
VANILLISH,
VANILLUXE,
DEERLING,
SAWSBUCK,
EMOLGA,
KARRABLAST,
ESCAVALIER,
FOONGUS,
AMOONGUSS,
FRILLISH,
JELLICENT,
ALOMOMOLA,
JOLTIK,
GALVANTULA,
FERROSEED,
FERROTHORN,
KLINK,
KLANG,
KLINKLANG,
TYNAMO,
EELEKTRIK,
EELEKTROSS,
ELGYEM,
BEHEEYEM,
LITWICK,
LAMPENT,
CHANDELURE,
AXEW,
FRAXURE,
HAXORUS,
CUBCHOO,
BEARTIC,
CRYOGONAL,
SHELMET,
ACCELGOR,
STUNFISK,
MIENFOO,
MIENSHAO,
DRUDDIGON,
GOLETT,
GOLURK,
PAWNIARD,
BISHARP,
BOUFFALANT,
RUFFLET,
BRAVIARY,
VULLABY,
MANDIBUZZ,
HEATMOR,
DURANT,
DEINO,
ZWEILOUS,
HYDREIGON,
LARVESTA,
VOLCARONA,
COBALION,
TERRAKION,
VIRIZION,
TORNADUS,
THUNDURUS,
RESHIRAM,
ZEKROM,
LANDORUS,
KYUREM,
KELDEO,
MELOETTA,
GENESECT,
